{
  "nbformat": 4,
  "nbformat_minor": 0,
  "metadata": {
    "colab": {
      "provenance": [],
      "include_colab_link": true
    },
    "kernelspec": {
      "name": "python3",
      "display_name": "Python 3"
    },
    "language_info": {
      "name": "python"
    }
  },
  "cells": [
    {
      "cell_type": "markdown",
      "metadata": {
        "id": "view-in-github",
        "colab_type": "text"
      },
      "source": [
        "<a href=\"https://colab.research.google.com/github/AlexZamora17/TAREA-1-ESTADISTICA-M/blob/main/Tarea1_EM.ipynb\" target=\"_parent\"><img src=\"https://colab.research.google.com/assets/colab-badge.svg\" alt=\"Open In Colab\"/></a>"
      ]
    },
    {
      "cell_type": "markdown",
      "source": [
        "##Ejercicio 2"
      ],
      "metadata": {
        "id": "8rQ4g5YggCH0"
      }
    },
    {
      "cell_type": "code",
      "source": [
        "import numpy as np\n",
        "\n",
        "X=np.array([[1,0,0,0],[1,1,0,0],[1,1,1,0],[1,1,1,1]])\n",
        "\n",
        "# Matriz de covarianza.\n",
        "S = np.cov(X, rowvar = False)\n",
        "\n",
        "# Vamos a calcular eigenvalores y eigenvectores\n",
        "eigen_val, eigen_vec = np.linalg.eigh(S)\n",
        "\n",
        "eigen_val[::-1]\n",
        "eigen_vec = eigen_vec[:,np.argsort(eigen_val)[::-1]]\n",
        "\n",
        "n_components = 2\n",
        "eigenvector_2 = eigen_vec[:,0:n_components]\n",
        "\n",
        "# Descomposición espectral\n",
        "#este tienen la info de las componentenes principales\n",
        "Y_red = np.dot(eigenvector_2.transpose(),X.transpose()).transpose()\n",
        "\n",
        "eigen_val_total = sum(eigen_val)  #es la traza de la matriz\n",
        "varianza_explicada = [(i/ eigen_val_total )*100 for i in eigen_val ]\n",
        "varianza_explicada_acumulada = np.cumsum(varianza_explicada)\n",
        "print(\"Varianza explicada acumulada: {}\".format(varianza_explicada_acumulada))"
      ],
      "metadata": {
        "colab": {
          "base_uri": "https://localhost:8080/"
        },
        "id": "d0YSPIdIgd22",
        "outputId": "6f3a4985-890f-4164-a0db-8146a816ef91"
      },
      "execution_count": null,
      "outputs": [
        {
          "output_type": "stream",
          "name": "stdout",
          "text": [
            "Varianza explicada acumulada: [  0.   0. 100.]\n"
          ]
        }
      ]
    },
    {
      "cell_type": "markdown",
      "source": [
        "## Ejercicio 3"
      ],
      "metadata": {
        "id": "24kD-L1A9nTo"
      }
    },
    {
      "cell_type": "code",
      "source": [
        "import pandas as pd\n",
        "import numpy as np\n",
        "\n",
        "# Datos\n",
        "url = \"wine.data\"\n",
        "data = pd.read_csv(url)\n",
        "data"
      ],
      "metadata": {
        "colab": {
          "base_uri": "https://localhost:8080/",
          "height": 423
        },
        "id": "TGFAoXd8_Chb",
        "outputId": "217fe368-1f4b-46d9-8b3a-94cee8e5cccd"
      },
      "execution_count": null,
      "outputs": [
        {
          "output_type": "execute_result",
          "data": {
            "text/plain": [
              "     1  14.23  1.71  2.43  15.6  127   2.8  3.06   .28  2.29   5.64  1.04  \\\n",
              "0    1  13.20  1.78  2.14  11.2  100  2.65  2.76  0.26  1.28   4.38  1.05   \n",
              "1    1  13.16  2.36  2.67  18.6  101  2.80  3.24  0.30  2.81   5.68  1.03   \n",
              "2    1  14.37  1.95  2.50  16.8  113  3.85  3.49  0.24  2.18   7.80  0.86   \n",
              "3    1  13.24  2.59  2.87  21.0  118  2.80  2.69  0.39  1.82   4.32  1.04   \n",
              "4    1  14.20  1.76  2.45  15.2  112  3.27  3.39  0.34  1.97   6.75  1.05   \n",
              "..  ..    ...   ...   ...   ...  ...   ...   ...   ...   ...    ...   ...   \n",
              "172  3  13.71  5.65  2.45  20.5   95  1.68  0.61  0.52  1.06   7.70  0.64   \n",
              "173  3  13.40  3.91  2.48  23.0  102  1.80  0.75  0.43  1.41   7.30  0.70   \n",
              "174  3  13.27  4.28  2.26  20.0  120  1.59  0.69  0.43  1.35  10.20  0.59   \n",
              "175  3  13.17  2.59  2.37  20.0  120  1.65  0.68  0.53  1.46   9.30  0.60   \n",
              "176  3  14.13  4.10  2.74  24.5   96  2.05  0.76  0.56  1.35   9.20  0.61   \n",
              "\n",
              "     3.92  1065  \n",
              "0    3.40  1050  \n",
              "1    3.17  1185  \n",
              "2    3.45  1480  \n",
              "3    2.93   735  \n",
              "4    2.85  1450  \n",
              "..    ...   ...  \n",
              "172  1.74   740  \n",
              "173  1.56   750  \n",
              "174  1.56   835  \n",
              "175  1.62   840  \n",
              "176  1.60   560  \n",
              "\n",
              "[177 rows x 14 columns]"
            ],
            "text/html": [
              "\n",
              "  <div id=\"df-f796e456-205b-4632-8a9a-809223843ca4\" class=\"colab-df-container\">\n",
              "    <div>\n",
              "<style scoped>\n",
              "    .dataframe tbody tr th:only-of-type {\n",
              "        vertical-align: middle;\n",
              "    }\n",
              "\n",
              "    .dataframe tbody tr th {\n",
              "        vertical-align: top;\n",
              "    }\n",
              "\n",
              "    .dataframe thead th {\n",
              "        text-align: right;\n",
              "    }\n",
              "</style>\n",
              "<table border=\"1\" class=\"dataframe\">\n",
              "  <thead>\n",
              "    <tr style=\"text-align: right;\">\n",
              "      <th></th>\n",
              "      <th>1</th>\n",
              "      <th>14.23</th>\n",
              "      <th>1.71</th>\n",
              "      <th>2.43</th>\n",
              "      <th>15.6</th>\n",
              "      <th>127</th>\n",
              "      <th>2.8</th>\n",
              "      <th>3.06</th>\n",
              "      <th>.28</th>\n",
              "      <th>2.29</th>\n",
              "      <th>5.64</th>\n",
              "      <th>1.04</th>\n",
              "      <th>3.92</th>\n",
              "      <th>1065</th>\n",
              "    </tr>\n",
              "  </thead>\n",
              "  <tbody>\n",
              "    <tr>\n",
              "      <th>0</th>\n",
              "      <td>1</td>\n",
              "      <td>13.20</td>\n",
              "      <td>1.78</td>\n",
              "      <td>2.14</td>\n",
              "      <td>11.2</td>\n",
              "      <td>100</td>\n",
              "      <td>2.65</td>\n",
              "      <td>2.76</td>\n",
              "      <td>0.26</td>\n",
              "      <td>1.28</td>\n",
              "      <td>4.38</td>\n",
              "      <td>1.05</td>\n",
              "      <td>3.40</td>\n",
              "      <td>1050</td>\n",
              "    </tr>\n",
              "    <tr>\n",
              "      <th>1</th>\n",
              "      <td>1</td>\n",
              "      <td>13.16</td>\n",
              "      <td>2.36</td>\n",
              "      <td>2.67</td>\n",
              "      <td>18.6</td>\n",
              "      <td>101</td>\n",
              "      <td>2.80</td>\n",
              "      <td>3.24</td>\n",
              "      <td>0.30</td>\n",
              "      <td>2.81</td>\n",
              "      <td>5.68</td>\n",
              "      <td>1.03</td>\n",
              "      <td>3.17</td>\n",
              "      <td>1185</td>\n",
              "    </tr>\n",
              "    <tr>\n",
              "      <th>2</th>\n",
              "      <td>1</td>\n",
              "      <td>14.37</td>\n",
              "      <td>1.95</td>\n",
              "      <td>2.50</td>\n",
              "      <td>16.8</td>\n",
              "      <td>113</td>\n",
              "      <td>3.85</td>\n",
              "      <td>3.49</td>\n",
              "      <td>0.24</td>\n",
              "      <td>2.18</td>\n",
              "      <td>7.80</td>\n",
              "      <td>0.86</td>\n",
              "      <td>3.45</td>\n",
              "      <td>1480</td>\n",
              "    </tr>\n",
              "    <tr>\n",
              "      <th>3</th>\n",
              "      <td>1</td>\n",
              "      <td>13.24</td>\n",
              "      <td>2.59</td>\n",
              "      <td>2.87</td>\n",
              "      <td>21.0</td>\n",
              "      <td>118</td>\n",
              "      <td>2.80</td>\n",
              "      <td>2.69</td>\n",
              "      <td>0.39</td>\n",
              "      <td>1.82</td>\n",
              "      <td>4.32</td>\n",
              "      <td>1.04</td>\n",
              "      <td>2.93</td>\n",
              "      <td>735</td>\n",
              "    </tr>\n",
              "    <tr>\n",
              "      <th>4</th>\n",
              "      <td>1</td>\n",
              "      <td>14.20</td>\n",
              "      <td>1.76</td>\n",
              "      <td>2.45</td>\n",
              "      <td>15.2</td>\n",
              "      <td>112</td>\n",
              "      <td>3.27</td>\n",
              "      <td>3.39</td>\n",
              "      <td>0.34</td>\n",
              "      <td>1.97</td>\n",
              "      <td>6.75</td>\n",
              "      <td>1.05</td>\n",
              "      <td>2.85</td>\n",
              "      <td>1450</td>\n",
              "    </tr>\n",
              "    <tr>\n",
              "      <th>...</th>\n",
              "      <td>...</td>\n",
              "      <td>...</td>\n",
              "      <td>...</td>\n",
              "      <td>...</td>\n",
              "      <td>...</td>\n",
              "      <td>...</td>\n",
              "      <td>...</td>\n",
              "      <td>...</td>\n",
              "      <td>...</td>\n",
              "      <td>...</td>\n",
              "      <td>...</td>\n",
              "      <td>...</td>\n",
              "      <td>...</td>\n",
              "      <td>...</td>\n",
              "    </tr>\n",
              "    <tr>\n",
              "      <th>172</th>\n",
              "      <td>3</td>\n",
              "      <td>13.71</td>\n",
              "      <td>5.65</td>\n",
              "      <td>2.45</td>\n",
              "      <td>20.5</td>\n",
              "      <td>95</td>\n",
              "      <td>1.68</td>\n",
              "      <td>0.61</td>\n",
              "      <td>0.52</td>\n",
              "      <td>1.06</td>\n",
              "      <td>7.70</td>\n",
              "      <td>0.64</td>\n",
              "      <td>1.74</td>\n",
              "      <td>740</td>\n",
              "    </tr>\n",
              "    <tr>\n",
              "      <th>173</th>\n",
              "      <td>3</td>\n",
              "      <td>13.40</td>\n",
              "      <td>3.91</td>\n",
              "      <td>2.48</td>\n",
              "      <td>23.0</td>\n",
              "      <td>102</td>\n",
              "      <td>1.80</td>\n",
              "      <td>0.75</td>\n",
              "      <td>0.43</td>\n",
              "      <td>1.41</td>\n",
              "      <td>7.30</td>\n",
              "      <td>0.70</td>\n",
              "      <td>1.56</td>\n",
              "      <td>750</td>\n",
              "    </tr>\n",
              "    <tr>\n",
              "      <th>174</th>\n",
              "      <td>3</td>\n",
              "      <td>13.27</td>\n",
              "      <td>4.28</td>\n",
              "      <td>2.26</td>\n",
              "      <td>20.0</td>\n",
              "      <td>120</td>\n",
              "      <td>1.59</td>\n",
              "      <td>0.69</td>\n",
              "      <td>0.43</td>\n",
              "      <td>1.35</td>\n",
              "      <td>10.20</td>\n",
              "      <td>0.59</td>\n",
              "      <td>1.56</td>\n",
              "      <td>835</td>\n",
              "    </tr>\n",
              "    <tr>\n",
              "      <th>175</th>\n",
              "      <td>3</td>\n",
              "      <td>13.17</td>\n",
              "      <td>2.59</td>\n",
              "      <td>2.37</td>\n",
              "      <td>20.0</td>\n",
              "      <td>120</td>\n",
              "      <td>1.65</td>\n",
              "      <td>0.68</td>\n",
              "      <td>0.53</td>\n",
              "      <td>1.46</td>\n",
              "      <td>9.30</td>\n",
              "      <td>0.60</td>\n",
              "      <td>1.62</td>\n",
              "      <td>840</td>\n",
              "    </tr>\n",
              "    <tr>\n",
              "      <th>176</th>\n",
              "      <td>3</td>\n",
              "      <td>14.13</td>\n",
              "      <td>4.10</td>\n",
              "      <td>2.74</td>\n",
              "      <td>24.5</td>\n",
              "      <td>96</td>\n",
              "      <td>2.05</td>\n",
              "      <td>0.76</td>\n",
              "      <td>0.56</td>\n",
              "      <td>1.35</td>\n",
              "      <td>9.20</td>\n",
              "      <td>0.61</td>\n",
              "      <td>1.60</td>\n",
              "      <td>560</td>\n",
              "    </tr>\n",
              "  </tbody>\n",
              "</table>\n",
              "<p>177 rows × 14 columns</p>\n",
              "</div>\n",
              "    <div class=\"colab-df-buttons\">\n",
              "\n",
              "  <div class=\"colab-df-container\">\n",
              "    <button class=\"colab-df-convert\" onclick=\"convertToInteractive('df-f796e456-205b-4632-8a9a-809223843ca4')\"\n",
              "            title=\"Convert this dataframe to an interactive table.\"\n",
              "            style=\"display:none;\">\n",
              "\n",
              "  <svg xmlns=\"http://www.w3.org/2000/svg\" height=\"24px\" viewBox=\"0 -960 960 960\">\n",
              "    <path d=\"M120-120v-720h720v720H120Zm60-500h600v-160H180v160Zm220 220h160v-160H400v160Zm0 220h160v-160H400v160ZM180-400h160v-160H180v160Zm440 0h160v-160H620v160ZM180-180h160v-160H180v160Zm440 0h160v-160H620v160Z\"/>\n",
              "  </svg>\n",
              "    </button>\n",
              "\n",
              "  <style>\n",
              "    .colab-df-container {\n",
              "      display:flex;\n",
              "      gap: 12px;\n",
              "    }\n",
              "\n",
              "    .colab-df-convert {\n",
              "      background-color: #E8F0FE;\n",
              "      border: none;\n",
              "      border-radius: 50%;\n",
              "      cursor: pointer;\n",
              "      display: none;\n",
              "      fill: #1967D2;\n",
              "      height: 32px;\n",
              "      padding: 0 0 0 0;\n",
              "      width: 32px;\n",
              "    }\n",
              "\n",
              "    .colab-df-convert:hover {\n",
              "      background-color: #E2EBFA;\n",
              "      box-shadow: 0px 1px 2px rgba(60, 64, 67, 0.3), 0px 1px 3px 1px rgba(60, 64, 67, 0.15);\n",
              "      fill: #174EA6;\n",
              "    }\n",
              "\n",
              "    .colab-df-buttons div {\n",
              "      margin-bottom: 4px;\n",
              "    }\n",
              "\n",
              "    [theme=dark] .colab-df-convert {\n",
              "      background-color: #3B4455;\n",
              "      fill: #D2E3FC;\n",
              "    }\n",
              "\n",
              "    [theme=dark] .colab-df-convert:hover {\n",
              "      background-color: #434B5C;\n",
              "      box-shadow: 0px 1px 3px 1px rgba(0, 0, 0, 0.15);\n",
              "      filter: drop-shadow(0px 1px 2px rgba(0, 0, 0, 0.3));\n",
              "      fill: #FFFFFF;\n",
              "    }\n",
              "  </style>\n",
              "\n",
              "    <script>\n",
              "      const buttonEl =\n",
              "        document.querySelector('#df-f796e456-205b-4632-8a9a-809223843ca4 button.colab-df-convert');\n",
              "      buttonEl.style.display =\n",
              "        google.colab.kernel.accessAllowed ? 'block' : 'none';\n",
              "\n",
              "      async function convertToInteractive(key) {\n",
              "        const element = document.querySelector('#df-f796e456-205b-4632-8a9a-809223843ca4');\n",
              "        const dataTable =\n",
              "          await google.colab.kernel.invokeFunction('convertToInteractive',\n",
              "                                                    [key], {});\n",
              "        if (!dataTable) return;\n",
              "\n",
              "        const docLinkHtml = 'Like what you see? Visit the ' +\n",
              "          '<a target=\"_blank\" href=https://colab.research.google.com/notebooks/data_table.ipynb>data table notebook</a>'\n",
              "          + ' to learn more about interactive tables.';\n",
              "        element.innerHTML = '';\n",
              "        dataTable['output_type'] = 'display_data';\n",
              "        await google.colab.output.renderOutput(dataTable, element);\n",
              "        const docLink = document.createElement('div');\n",
              "        docLink.innerHTML = docLinkHtml;\n",
              "        element.appendChild(docLink);\n",
              "      }\n",
              "    </script>\n",
              "  </div>\n",
              "\n",
              "\n",
              "<div id=\"df-5104ee7a-c512-41d0-942a-2678569ccb61\">\n",
              "  <button class=\"colab-df-quickchart\" onclick=\"quickchart('df-5104ee7a-c512-41d0-942a-2678569ccb61')\"\n",
              "            title=\"Suggest charts\"\n",
              "            style=\"display:none;\">\n",
              "\n",
              "<svg xmlns=\"http://www.w3.org/2000/svg\" height=\"24px\"viewBox=\"0 0 24 24\"\n",
              "     width=\"24px\">\n",
              "    <g>\n",
              "        <path d=\"M19 3H5c-1.1 0-2 .9-2 2v14c0 1.1.9 2 2 2h14c1.1 0 2-.9 2-2V5c0-1.1-.9-2-2-2zM9 17H7v-7h2v7zm4 0h-2V7h2v10zm4 0h-2v-4h2v4z\"/>\n",
              "    </g>\n",
              "</svg>\n",
              "  </button>\n",
              "\n",
              "<style>\n",
              "  .colab-df-quickchart {\n",
              "      --bg-color: #E8F0FE;\n",
              "      --fill-color: #1967D2;\n",
              "      --hover-bg-color: #E2EBFA;\n",
              "      --hover-fill-color: #174EA6;\n",
              "      --disabled-fill-color: #AAA;\n",
              "      --disabled-bg-color: #DDD;\n",
              "  }\n",
              "\n",
              "  [theme=dark] .colab-df-quickchart {\n",
              "      --bg-color: #3B4455;\n",
              "      --fill-color: #D2E3FC;\n",
              "      --hover-bg-color: #434B5C;\n",
              "      --hover-fill-color: #FFFFFF;\n",
              "      --disabled-bg-color: #3B4455;\n",
              "      --disabled-fill-color: #666;\n",
              "  }\n",
              "\n",
              "  .colab-df-quickchart {\n",
              "    background-color: var(--bg-color);\n",
              "    border: none;\n",
              "    border-radius: 50%;\n",
              "    cursor: pointer;\n",
              "    display: none;\n",
              "    fill: var(--fill-color);\n",
              "    height: 32px;\n",
              "    padding: 0;\n",
              "    width: 32px;\n",
              "  }\n",
              "\n",
              "  .colab-df-quickchart:hover {\n",
              "    background-color: var(--hover-bg-color);\n",
              "    box-shadow: 0 1px 2px rgba(60, 64, 67, 0.3), 0 1px 3px 1px rgba(60, 64, 67, 0.15);\n",
              "    fill: var(--button-hover-fill-color);\n",
              "  }\n",
              "\n",
              "  .colab-df-quickchart-complete:disabled,\n",
              "  .colab-df-quickchart-complete:disabled:hover {\n",
              "    background-color: var(--disabled-bg-color);\n",
              "    fill: var(--disabled-fill-color);\n",
              "    box-shadow: none;\n",
              "  }\n",
              "\n",
              "  .colab-df-spinner {\n",
              "    border: 2px solid var(--fill-color);\n",
              "    border-color: transparent;\n",
              "    border-bottom-color: var(--fill-color);\n",
              "    animation:\n",
              "      spin 1s steps(1) infinite;\n",
              "  }\n",
              "\n",
              "  @keyframes spin {\n",
              "    0% {\n",
              "      border-color: transparent;\n",
              "      border-bottom-color: var(--fill-color);\n",
              "      border-left-color: var(--fill-color);\n",
              "    }\n",
              "    20% {\n",
              "      border-color: transparent;\n",
              "      border-left-color: var(--fill-color);\n",
              "      border-top-color: var(--fill-color);\n",
              "    }\n",
              "    30% {\n",
              "      border-color: transparent;\n",
              "      border-left-color: var(--fill-color);\n",
              "      border-top-color: var(--fill-color);\n",
              "      border-right-color: var(--fill-color);\n",
              "    }\n",
              "    40% {\n",
              "      border-color: transparent;\n",
              "      border-right-color: var(--fill-color);\n",
              "      border-top-color: var(--fill-color);\n",
              "    }\n",
              "    60% {\n",
              "      border-color: transparent;\n",
              "      border-right-color: var(--fill-color);\n",
              "    }\n",
              "    80% {\n",
              "      border-color: transparent;\n",
              "      border-right-color: var(--fill-color);\n",
              "      border-bottom-color: var(--fill-color);\n",
              "    }\n",
              "    90% {\n",
              "      border-color: transparent;\n",
              "      border-bottom-color: var(--fill-color);\n",
              "    }\n",
              "  }\n",
              "</style>\n",
              "\n",
              "  <script>\n",
              "    async function quickchart(key) {\n",
              "      const quickchartButtonEl =\n",
              "        document.querySelector('#' + key + ' button');\n",
              "      quickchartButtonEl.disabled = true;  // To prevent multiple clicks.\n",
              "      quickchartButtonEl.classList.add('colab-df-spinner');\n",
              "      try {\n",
              "        const charts = await google.colab.kernel.invokeFunction(\n",
              "            'suggestCharts', [key], {});\n",
              "      } catch (error) {\n",
              "        console.error('Error during call to suggestCharts:', error);\n",
              "      }\n",
              "      quickchartButtonEl.classList.remove('colab-df-spinner');\n",
              "      quickchartButtonEl.classList.add('colab-df-quickchart-complete');\n",
              "    }\n",
              "    (() => {\n",
              "      let quickchartButtonEl =\n",
              "        document.querySelector('#df-5104ee7a-c512-41d0-942a-2678569ccb61 button');\n",
              "      quickchartButtonEl.style.display =\n",
              "        google.colab.kernel.accessAllowed ? 'block' : 'none';\n",
              "    })();\n",
              "  </script>\n",
              "</div>\n",
              "\n",
              "  <div id=\"id_f2d24ccd-bd9e-4f78-a358-399a4d34fd55\">\n",
              "    <style>\n",
              "      .colab-df-generate {\n",
              "        background-color: #E8F0FE;\n",
              "        border: none;\n",
              "        border-radius: 50%;\n",
              "        cursor: pointer;\n",
              "        display: none;\n",
              "        fill: #1967D2;\n",
              "        height: 32px;\n",
              "        padding: 0 0 0 0;\n",
              "        width: 32px;\n",
              "      }\n",
              "\n",
              "      .colab-df-generate:hover {\n",
              "        background-color: #E2EBFA;\n",
              "        box-shadow: 0px 1px 2px rgba(60, 64, 67, 0.3), 0px 1px 3px 1px rgba(60, 64, 67, 0.15);\n",
              "        fill: #174EA6;\n",
              "      }\n",
              "\n",
              "      [theme=dark] .colab-df-generate {\n",
              "        background-color: #3B4455;\n",
              "        fill: #D2E3FC;\n",
              "      }\n",
              "\n",
              "      [theme=dark] .colab-df-generate:hover {\n",
              "        background-color: #434B5C;\n",
              "        box-shadow: 0px 1px 3px 1px rgba(0, 0, 0, 0.15);\n",
              "        filter: drop-shadow(0px 1px 2px rgba(0, 0, 0, 0.3));\n",
              "        fill: #FFFFFF;\n",
              "      }\n",
              "    </style>\n",
              "    <button class=\"colab-df-generate\" onclick=\"generateWithVariable('data')\"\n",
              "            title=\"Generate code using this dataframe.\"\n",
              "            style=\"display:none;\">\n",
              "\n",
              "  <svg xmlns=\"http://www.w3.org/2000/svg\" height=\"24px\"viewBox=\"0 0 24 24\"\n",
              "       width=\"24px\">\n",
              "    <path d=\"M7,19H8.4L18.45,9,17,7.55,7,17.6ZM5,21V16.75L18.45,3.32a2,2,0,0,1,2.83,0l1.4,1.43a1.91,1.91,0,0,1,.58,1.4,1.91,1.91,0,0,1-.58,1.4L9.25,21ZM18.45,9,17,7.55Zm-12,3A5.31,5.31,0,0,0,4.9,8.1,5.31,5.31,0,0,0,1,6.5,5.31,5.31,0,0,0,4.9,4.9,5.31,5.31,0,0,0,6.5,1,5.31,5.31,0,0,0,8.1,4.9,5.31,5.31,0,0,0,12,6.5,5.46,5.46,0,0,0,6.5,12Z\"/>\n",
              "  </svg>\n",
              "    </button>\n",
              "    <script>\n",
              "      (() => {\n",
              "      const buttonEl =\n",
              "        document.querySelector('#id_f2d24ccd-bd9e-4f78-a358-399a4d34fd55 button.colab-df-generate');\n",
              "      buttonEl.style.display =\n",
              "        google.colab.kernel.accessAllowed ? 'block' : 'none';\n",
              "\n",
              "      buttonEl.onclick = () => {\n",
              "        google.colab.notebook.generateWithVariable('data');\n",
              "      }\n",
              "      })();\n",
              "    </script>\n",
              "  </div>\n",
              "\n",
              "    </div>\n",
              "  </div>\n"
            ],
            "application/vnd.google.colaboratory.intrinsic+json": {
              "type": "dataframe",
              "variable_name": "data",
              "summary": "{\n  \"name\": \"data\",\n  \"rows\": 177,\n  \"fields\": [\n    {\n      \"column\": \"1\",\n      \"properties\": {\n        \"dtype\": \"number\",\n        \"std\": 0,\n        \"min\": 1,\n        \"max\": 3,\n        \"samples\": [\n          1,\n          2,\n          3\n        ],\n        \"num_unique_values\": 3,\n        \"semantic_type\": \"\",\n        \"description\": \"\"\n      }\n    },\n    {\n      \"column\": \"14.23\",\n      \"properties\": {\n        \"dtype\": \"number\",\n        \"std\": 0.8088084424378919,\n        \"min\": 11.03,\n        \"max\": 14.83,\n        \"samples\": [\n          13.64,\n          13.94,\n          14.22\n        ],\n        \"num_unique_values\": 125,\n        \"semantic_type\": \"\",\n        \"description\": \"\"\n      }\n    },\n    {\n      \"column\": \"1.71\",\n      \"properties\": {\n        \"dtype\": \"number\",\n        \"std\": 1.119314415116238,\n        \"min\": 0.74,\n        \"max\": 5.8,\n        \"samples\": [\n          1.21,\n          2.83,\n          1.65\n        ],\n        \"num_unique_values\": 133,\n        \"semantic_type\": \"\",\n        \"description\": \"\"\n      }\n    },\n    {\n      \"column\": \"2.43\",\n      \"properties\": {\n        \"dtype\": \"number\",\n        \"std\": 0.2750804383454942,\n        \"min\": 1.36,\n        \"max\": 3.23,\n        \"samples\": [\n          2.44,\n          2.14,\n          2.4\n        ],\n        \"num_unique_values\": 78,\n        \"semantic_type\": \"\",\n        \"description\": \"\"\n      }\n    },\n    {\n      \"column\": \"15.6\",\n      \"properties\": {\n        \"dtype\": \"number\",\n        \"std\": 3.3360710701212355,\n        \"min\": 10.6,\n        \"max\": 30.0,\n        \"samples\": [\n          23.6,\n          28.5,\n          11.2\n        ],\n        \"num_unique_values\": 62,\n        \"semantic_type\": \"\",\n        \"description\": \"\"\n      }\n    },\n    {\n      \"column\": \"127\",\n      \"properties\": {\n        \"dtype\": \"number\",\n        \"std\": 14,\n        \"min\": 70,\n        \"max\": 162,\n        \"samples\": [\n          124,\n          99,\n          134\n        ],\n        \"num_unique_values\": 52,\n        \"semantic_type\": \"\",\n        \"description\": \"\"\n      }\n    },\n    {\n      \"column\": \"2.8\",\n      \"properties\": {\n        \"dtype\": \"number\",\n        \"std\": 0.6264650830308145,\n        \"min\": 0.98,\n        \"max\": 3.88,\n        \"samples\": [\n          1.68,\n          2.11,\n          1.35\n        ],\n        \"num_unique_values\": 97,\n        \"semantic_type\": \"\",\n        \"description\": \"\"\n      }\n    },\n    {\n      \"column\": \"3.06\",\n      \"properties\": {\n        \"dtype\": \"number\",\n        \"std\": 0.9986576153088097,\n        \"min\": 0.34,\n        \"max\": 5.08,\n        \"samples\": [\n          3.18,\n          3.54,\n          2.41\n        ],\n        \"num_unique_values\": 131,\n        \"semantic_type\": \"\",\n        \"description\": \"\"\n      }\n    },\n    {\n      \"column\": \".28\",\n      \"properties\": {\n        \"dtype\": \"number\",\n        \"std\": 0.12465293369095112,\n        \"min\": 0.13,\n        \"max\": 0.66,\n        \"samples\": [\n          0.58,\n          0.41,\n          0.34\n        ],\n        \"num_unique_values\": 39,\n        \"semantic_type\": \"\",\n        \"description\": \"\"\n      }\n    },\n    {\n      \"column\": \"2.29\",\n      \"properties\": {\n        \"dtype\": \"number\",\n        \"std\": 0.5715447197884237,\n        \"min\": 0.41,\n        \"max\": 3.58,\n        \"samples\": [\n          0.75,\n          1.77,\n          1.42\n        ],\n        \"num_unique_values\": 101,\n        \"semantic_type\": \"\",\n        \"description\": \"\"\n      }\n    },\n    {\n      \"column\": \"5.64\",\n      \"properties\": {\n        \"dtype\": \"number\",\n        \"std\": 2.3244464252863977,\n        \"min\": 1.28,\n        \"max\": 13.0,\n        \"samples\": [\n          2.95,\n          5.24,\n          5.65\n        ],\n        \"num_unique_values\": 131,\n        \"semantic_type\": \"\",\n        \"description\": \"\"\n      }\n    },\n    {\n      \"column\": \"1.04\",\n      \"properties\": {\n        \"dtype\": \"number\",\n        \"std\": 0.22913504539741583,\n        \"min\": 0.48,\n        \"max\": 1.71,\n        \"samples\": [\n          1.22,\n          1.05,\n          1.45\n        ],\n        \"num_unique_values\": 78,\n        \"semantic_type\": \"\",\n        \"description\": \"\"\n      }\n    },\n    {\n      \"column\": \"3.92\",\n      \"properties\": {\n        \"dtype\": \"number\",\n        \"std\": 0.7051028967590308,\n        \"min\": 1.27,\n        \"max\": 4.0,\n        \"samples\": [\n          1.82,\n          2.46,\n          2.85\n        ],\n        \"num_unique_values\": 121,\n        \"semantic_type\": \"\",\n        \"description\": \"\"\n      }\n    },\n    {\n      \"column\": \"1065\",\n      \"properties\": {\n        \"dtype\": \"number\",\n        \"std\": 314,\n        \"min\": 278,\n        \"max\": 1680,\n        \"samples\": [\n          1375,\n          1270,\n          1450\n        ],\n        \"num_unique_values\": 121,\n        \"semantic_type\": \"\",\n        \"description\": \"\"\n      }\n    }\n  ]\n}"
            }
          },
          "metadata": {},
          "execution_count": 2
        }
      ]
    },
    {
      "cell_type": "code",
      "source": [
        "np.mean(data)\n",
        "#Media por columnas\n",
        "np.mean(data, axis = 0)\n",
        "#media por renglones\n",
        "np.mean(data, axis = 1)\n",
        "#Centramos\n",
        "dta_media = data - np.mean(data, axis = 0)\n",
        "#Matriz covarianza\n",
        "S = np.cov(dta_media, rowvar = False)\n",
        "print(S)\n",
        "#Eigenvalores y eigenvectores\n",
        "eigen_val, eigen_vec = np.linalg.eigh(S)\n",
        "eigen_val[::-1]\n",
        "#Eigenvalores decreciente\n",
        "eigen_val = eigen_val[np.argsort(eigen_val)[::-1]]\n",
        "eigen_val\n",
        "\n",
        "eigen_vec = eigen_vec[:,np.argsort(eigen_val)[::-1]]\n",
        "eigen_vec\n",
        "n_components = 2\n",
        "eigenvector_2 = eigen_vec[:,0:n_components]\n",
        "\n",
        "#descomposicion espectral\n",
        "dta_red = np.dot(eigenvector_2.transpose(),dta_media.transpose()).transpose()\n",
        "dta_red\n",
        "\n",
        "# Info total\n",
        "eigen_val_total = sum(eigen_val)\n",
        "var_expl = [(i/ eigen_val_total )*100 for i in eigen_val ]\n",
        "var_expl = np.round(var_expl, 2)\n",
        "var_expl_ac = np.cumsum(var_expl)\n",
        "print(\"Varianza explicada: {}\".format(var_expl))\n",
        "print(\"Varianza explicada acumulada: {}\".format(var_expl_ac))"
      ],
      "metadata": {
        "colab": {
          "base_uri": "https://localhost:8080/"
        },
        "id": "hq2REMKt9ojZ",
        "outputId": "194a1fe4-55a0-4687-a554-d049eff4377b"
      },
      "execution_count": null,
      "outputs": [
        {
          "output_type": "stream",
          "name": "stdout",
          "text": [
            "[[ 5.99062661e-01 -2.01098164e-01  3.77834489e-01 -1.02751027e-02\n",
            "   1.32709938e+00 -2.18252440e+00 -3.48110234e-01 -6.54292822e-01\n",
            "   4.70066127e-02 -2.18923344e-01  4.83170577e-01 -1.09546418e-01\n",
            "  -4.29187853e-01 -1.53841134e+02]\n",
            " [-2.01098164e-01  6.54171097e-01  9.04975764e-02  4.69369158e-02\n",
            "  -8.18511460e-01  2.96623909e+00  1.44175177e-01  1.85883863e-01\n",
            "  -1.52687821e-02  5.89675173e-02  1.03003738e+00 -1.39689715e-02\n",
            "   3.27443695e-02  1.63267657e+02]\n",
            " [ 3.77834489e-01  9.04975764e-02  1.25286476e+00  5.07899043e-02\n",
            "   1.06850761e+00 -7.78171867e-01 -2.33862243e-01 -4.57547336e-01\n",
            "   4.06718541e-02 -1.39446938e-01  6.50584636e-01 -1.43844547e-01\n",
            "  -2.89426785e-01 -6.67941936e+01]\n",
            " [-1.02751027e-02  4.69369158e-02  5.07899043e-02  7.56692476e-02\n",
            "   4.09929122e-01  1.11942925e+00  2.20882768e-02  3.13400199e-02\n",
            "   6.42429058e-03  1.27059900e-03  1.65378782e-01 -4.73870185e-03\n",
            "   2.91589625e-04  1.93141211e+01]\n",
            " [ 1.32709938e+00 -8.18511460e-01  1.06850761e+00  4.09929122e-01\n",
            "   1.11293702e+01 -3.39069723e+00 -6.63726021e-01 -1.15580306e+00\n",
            "   1.49454834e-01 -3.63760497e-01  1.58798825e-01 -2.08469029e-01\n",
            "  -6.30845917e-01 -4.58908455e+02]\n",
            " [-2.18252440e+00  2.96623909e+00 -7.78171867e-01  1.11942925e+00\n",
            "  -3.39069723e+00  2.00902799e+02  1.84872143e+00  2.64841808e+00\n",
            "  -4.45402863e-01  1.83492777e+00  6.56750329e+00  1.69021379e-01\n",
            "   4.69337763e-01  1.72966484e+03]\n",
            " [-3.48110234e-01  1.44175177e-01 -2.33862243e-01  2.20882768e-02\n",
            "  -6.63726021e-01  1.84872143e+00  3.92458500e-01  5.40567736e-01\n",
            "  -3.50081054e-02  2.18602956e-01 -8.21307955e-02  6.21532203e-02\n",
            "   3.09014105e-01  9.78111454e+01]\n",
            " [-6.54292822e-01  1.85883863e-01 -4.57547336e-01  3.13400199e-02\n",
            "  -1.15580306e+00  2.64841808e+00  5.40567736e-01  9.97317033e-01\n",
            "  -6.67648466e-02  3.71150347e-01 -4.04863795e-01  1.24300797e-01\n",
            "   5.53728868e-01  1.54457224e+02]\n",
            " [ 4.70066127e-02 -1.52687821e-02  4.06718541e-02  6.42429058e-03\n",
            "   1.49454834e-01 -4.45402863e-01 -3.50081054e-02 -6.67648466e-02\n",
            "   1.55383539e-02 -2.58809611e-02  4.06206304e-02 -7.47501733e-03\n",
            "  -4.41100026e-02 -1.21241442e+01]\n",
            " [-2.18923344e-01  5.89675173e-02 -1.39446938e-01  1.27059900e-03\n",
            "  -3.63760497e-01  1.83492777e+00  2.18602956e-01  3.71150347e-01\n",
            "  -2.58809611e-02  3.26663367e-01 -3.60187831e-02  3.85544935e-02\n",
            "   2.06905220e-01  5.86219992e+01]\n",
            " [ 4.83170577e-01  1.03003738e+00  6.50584636e-01  1.65378782e-01\n",
            "   1.58798825e-01  6.56750329e+00 -8.21307955e-02 -4.04863795e-01\n",
            "   4.06206304e-02 -3.60187831e-02  5.40305118e+00 -2.78351336e-01\n",
            "  -7.14173004e-01  2.31020958e+02]\n",
            " [-1.09546418e-01 -1.39689715e-02 -1.43844547e-01 -4.73870185e-03\n",
            "  -2.08469029e-01  1.69021379e-01  6.21532203e-02  1.24300797e-01\n",
            "  -7.47501733e-03  3.85544935e-02 -2.78351336e-01  5.25028690e-02\n",
            "   9.16705277e-02  1.69467687e+01]\n",
            " [-4.29187853e-01  3.27443695e-02 -2.89426785e-01  2.91589625e-04\n",
            "  -6.30845917e-01  4.69337763e-01  3.09014105e-01  5.53728868e-01\n",
            "  -4.41100026e-02  2.06905220e-01 -7.14173004e-01  9.16705277e-02\n",
            "   4.97170095e-01  6.79468012e+01]\n",
            " [-1.53841134e+02  1.63267657e+02 -6.67941936e+01  1.93141211e+01\n",
            "  -4.58908455e+02  1.72966484e+03  9.78111454e+01  1.54457224e+02\n",
            "  -1.21241442e+01  5.86219992e+01  2.31020958e+02  1.69467687e+01\n",
            "   6.79468012e+01  9.91519623e+04]]\n",
            "Varianza explicada: [9.981e+01 1.700e-01 1.000e-02 1.000e-02 0.000e+00 0.000e+00 0.000e+00\n",
            " 0.000e+00 0.000e+00 0.000e+00 0.000e+00 0.000e+00 0.000e+00 0.000e+00]\n",
            "Varianza explicada acumulada: [ 99.81  99.98  99.99 100.   100.   100.   100.   100.   100.   100.\n",
            " 100.   100.   100.   100.  ]\n"
          ]
        },
        {
          "output_type": "stream",
          "name": "stderr",
          "text": [
            "/usr/local/lib/python3.10/dist-packages/numpy/core/fromnumeric.py:3502: FutureWarning: In a future version, DataFrame.mean(axis=None) will return a scalar mean over the entire DataFrame. To retain the old behavior, use 'frame.mean(axis=0)' or just 'frame.mean()'\n",
            "  return mean(axis=axis, dtype=dtype, out=out, **kwargs)\n"
          ]
        }
      ]
    },
    {
      "cell_type": "code",
      "source": [
        "#Analisis de resultados\n",
        "#El primer componente principal explica la gran mayoría de la varianza en los datos\n",
        "(aproximadamente el 99.81%). Esto sugiere que una gran cantidad de información en los datos originales se puede capturar utilizando solo este componente principal.')"
      ],
      "metadata": {
        "colab": {
          "base_uri": "https://localhost:8080/"
        },
        "id": "BBrN52LxANY0",
        "outputId": "fa70fb81-e7fb-4495-c9dc-c219a6cc1759"
      },
      "execution_count": null,
      "outputs": [
        {
          "output_type": "stream",
          "name": "stdout",
          "text": [
